MAE: 0.1219
MSE: 2.8545
RMSE: 1.6895
T0: 0.021429
T1: 0.034921
T2: 0.026984
T3: 0.039683
Overshoot 0: 13.0118
Overshoot 1: 5.2232
Overshoot 2: 5.2463
Overshoot 3: 5.4287
 
